0.1122 , -0.0850 , 0.4696 , 0.06745660000000009
0.1116 , -0.0848 , 0.4690 , 0.2705816000000001
0.1135 , -0.0862 , 0.4754 , 0.4580816000000001
0.1135 , -0.0862 , 0.4754 , 0.5674566000000001
0.1134 , -0.0859 , 0.4751 , 0.6612066000000001
0.1131 , -0.0861 , 0.4746 , 0.7549566000000001
0.1136 , -0.0866 , 0.4769 , 0.9580816000000001
0.1138 , -0.0863 , 0.4762 , 1.1924566
0.1138 , -0.0865 , 0.4773 , 1.3955816
0.1144 , -0.0872 , 0.4802 , 1.7080816
0.1147 , -0.0876 , 0.4814 , 1.8018316
0.1132 , -0.0861 , 0.4749 , 1.9893316
0.1116 , -0.0847 , 0.4675 , 2.1924566
0.1144 , -0.0870 , 0.4798 , 2.2237066
0.1146 , -0.0873 , 0.4813 , 2.3018316
0.1142 , -0.0866 , 0.4786 , 2.3643316
0.1146 , -0.0873 , 0.4813 , 2.5362066
0.1137 , -0.0864 , 0.4760 , 2.7080816
0.1162 , -0.0867 , 0.4798 , 2.8018316
0.1137 , -0.0864 , 0.4760 , 2.8643316
0.1141 , -0.0869 , 0.4777 , 2.9737066
0.1138 , -0.0863 , 0.4756 , 3.0049566
0.1143 , -0.0868 , 0.4774 , 3.0674566
0.1139 , -0.0865 , 0.4757 , 3.2237066
0.1146 , -0.0872 , 0.4786 , 3.3955816
0.1128 , -0.0859 , 0.4716 , 3.4737066
0.1146 , -0.0875 , 0.4795 , 3.5674566
0.1179 , -0.0907 , 0.4930 , 3.8799566
0.1151 , -0.0871 , 0.4766 , 4.9737066
0.1156 , -0.0880 , 0.4806 , 5.0518316
0.1155 , -0.0880 , 0.4797 , 5.2237066
0.1155 , -0.0880 , 0.4797 , 5.2862066
0.1155 , -0.0880 , 0.4797 , 5.4580816
0.1155 , -0.0880 , 0.4797 , 5.5205816
0.1155 , -0.0880 , 0.4797 , 5.6924566
0.1155 , -0.0880 , 0.4797 , 5.7862066
0.1155 , -0.0880 , 0.4797 , 5.8799566
0.1155 , -0.0880 , 0.4797 , 5.9580816
0.1155 , -0.0880 , 0.4797 , 6.0362066
0.0031 , -0.0019 , 0.0068 , 6.2080816
0.0010 , -0.0010 , 0.0018 , 6.2705816
0.0010 , -0.0010 , 0.0018 , 6.3174566
0.0010 , -0.0010 , 0.0018 , 6.5049566
0.0010 , -0.0010 , 0.0018 , 6.5830816
0.0010 , -0.0010 , 0.0018 , 6.6612066
0.0013 , -0.0011 , 0.0030 , 6.7393316
0.0008 , -0.0006 , 0.0008 , 6.8174566
0.0010 , -0.0010 , 0.0018 , 6.8955816
0.0010 , -0.0010 , 0.0018 , 6.9737066
0.0010 , -0.0010 , 0.0018 , 7.0674566
0.0010 , -0.0010 , 0.0018 , 7.1612066
-0.0005 , 0.0003 , -0.0048 , 7.3643316
0.0010 , -0.0010 , 0.0018 , 7.4424566
0.0010 , -0.0010 , 0.0018 , 7.5362066
-0.0000 , -0.0000 , -0.0034 , 7.7549566
0.0010 , -0.0010 , 0.0018 , 7.8330816
0.0010 , -0.0010 , 0.0018 , 8.1299566
0.0010 , -0.0010 , 0.0018 , 8.2393316
0.0010 , -0.0010 , 0.0018 , 8.3174566
0.0012 , -0.0009 , 0.0015 , 8.4580816
0.0012 , -0.0010 , 0.0028 , 8.6299566
-0.0001 , 0.0000 , -0.0032 , 8.6924566
0.0012 , -0.0010 , 0.0028 , 8.8643316
0.0012 , -0.0010 , 0.0028 , 8.9424566
0.0010 , -0.0010 , 0.0018 , 9.0049566
0.0012 , -0.0010 , 0.0028 , 9.0830816
0.0010 , -0.0010 , 0.0018 , 9.2080816
0.0010 , -0.0010 , 0.0018 , 9.2705816
-0.0005 , 0.0004 , -0.0050 , 9.3330816
0.0003 , -0.0001 , -0.0019 , 9.3955816
0.0006 , -0.0005 , 0.0001 , 9.4424566
0.0006 , -0.0005 , 0.0001 , 9.4893316
-0.0004 , -0.0018 , 0.0010 , 10.0049566
0.0023 , -0.0023 , 0.0074 , 10.0830816
0.0033 , -0.0032 , 0.0075 , 11.4580816
0.0008 , 0.0011 , -0.0033 , 11.6455816
0.0011 , -0.0013 , 0.0028 , 11.8174566
0.0015 , -0.0017 , 0.0043 , 11.8799566
0.0012 , -0.0010 , 0.0028 , 11.9268316
0.0009 , -0.0009 , 0.0021 , 12.0987066
0.0005 , -0.0005 , 0.0004 , 12.3487066
0.0005 , -0.0005 , 0.0004 , 12.4112066
0.0008 , -0.0007 , 0.0019 , 12.5830816
0.0006 , -0.0006 , 0.0002 , 12.6455816
0.0005 , -0.0005 , 0.0004 , 12.7549566
0.0005 , -0.0005 , 0.0004 , 12.8955816
0.0005 , -0.0005 , 0.0004 , 13.0518316
0.0005 , -0.0005 , 0.0004 , 13.3018316
0.0005 , -0.0005 , 0.0004 , 13.4268316
0.0006 , -0.0006 , 0.0002 , 13.5674566
0.0006 , -0.0006 , 0.0002 , 13.8174566
0.0012 , -0.0010 , 0.0028 , 13.9424566
0.0005 , -0.0005 , 0.0004 , 14.0362066
0.0008 , -0.0007 , 0.0019 , 14.1299566
0.0004 , -0.0001 , -0.0010 , 14.5987066
0.0021 , -0.0025 , 0.0084 , 15.8799566
0.0022 , -0.0027 , 0.0096 , 15.9580816
0.0022 , -0.0027 , 0.0096 , 16.0049566
0.0001 , -0.0009 , 0.0000 , 16.2080816
0.0005 , -0.0012 , 0.0016 , 16.3330816
0.0005 , -0.0012 , 0.0016 , 16.3955816
-0.0008 , -0.0002 , -0.0045 , 16.4580816
0.0005 , -0.0012 , 0.0016 , 16.5830816
